cam: 0,0,170 0,0,0
rf_depth: 20

plane: 0,0,-200 90,0,0 0000aa 0.6
plane: 0,-30,0 0,0,0 777777 0.00001
plane: 0,30,0 0,0,0 777777 0.00001

plane: -90,0,0 90,90,0 777777 0
plane: 90,0,0 90,90,0 777777 0
plane: 0,0,200 90,0,0 0000aa 0.6

sphere: -30,-30,0 0,0,0 dddddd 0 10
sphere: 30,-30,0 0,0,0 dddddd 0 10
sphere: -30,30,0 0,0,0 dddddd 0 10
sphere: 30,30,0 0,0,0 dddddd 0 10

sphere: -30,-30,70 0,0,0 dddddd 0 10
sphere: 30,-30,70 0,0,0 dddddd 0 10
sphere: -30,30,70 0,0,0 dddddd 0 10
sphere: 30,30,70 0,0,0 dddddd 0 10

sphere: 0,-18,0 0,0,0 ff0000 1 10

cylinder: -30,0,0 0,0,0 dddddd 0 6.5
cylinder: 30,0,0 0,0,0 dddddd 0 6.5
cylinder: -30,0,70 0,0,0 dddddd 0 6.5
cylinder: 30,0,70 0,0,0 dddddd 0 6.5

flight: 80,0,-150 100
flight: -80,0,-150 100
light: 80,0,150 100
light: -80,0,150 100

flight: 0,0,50 100

ambient: 20
